
WD = [-1547.723
-1003.157
1252.499
1346.137
251.665
858.309
1913.533
793.087
355.638
-240.556
1308.542
1006.753
-79.392
-470.978
-289.015
-1158.029
-885.841
-417.668
-1687.316
-1073.785
-626.75
1081.657
866.566
119.625
546.768
-855.97
-1257.204
-925.912
-849.52
-1526.144
-767.674
-1301.969
-1837.951
-1681.085
-2428.478
-2479.384
-2513.64
-2546.928
-2074.654
-1266.512
-2631.72
-2677.885
-2375.052
-2030.938
-2662.731
-2307.897
-2284.004
-1476.557
-1160.789
-1308.579
-1361.188
-831.627
-1450.641
-1542.123
-2001.112
-2126.726
-2394.099
-2683.528
-2859.585
-2938.63
-2967.035
-2941.327
-2894.971
-2916.329
-2871.668
-3352.554
-3284.705
-3088.482
-2785.592
-2544.542
-2256.885
-1894.94
-1923.824
-1840.785
-1840.203
-1782.982
-1834.237
-1701.93
-1340.325
-1829.45
-2252.695
-2432.767
-2687.429
-2836.655
-2969.101
-2965.525
-2977.587
-3050.62
-3317.055
-3454.009
-3373.87
-3210.631
-3032.622
-2792.529
-2237.403
-1678.662
-1830.291
-2170.253
-2167.506
-2068.626
-1797.254
-1512.581
389.855
1132.194
-1122.125
-2190.206
-3144.787
-3308.984
-3365.494
-3352.843
-3386.771
-3331.666
-3118.064
-2933.103
-2979.721
-3100.543
-2868.281
-2904.549
-2186.62
-1014.322
-650.95
-858.854
-1635.217
-1950.327
-1343.56
-379.146
1013.241
563.74
982.477
3690.907
2737.094
3036.259
4049.376
-24.392
2455.535
2324.112
670.707
367.175
-1331.71
-1299.784
-413.478
-519.72
1009.112
3007.523
1702.218
1202.667
1302.26
4697.082
2776.107
-47.905
-2079.125
-2792.249
-2923.471
-3131.689
-3175.67
-3022.716
-2374.118
-2996.957
-2391.22
-873.788
-1067.24
-1035.875
-2308.698
-1989.664
-647.425
1415.578
314.366
841.025
2025.465
1946.059
1059.635
1178.48
2333.206
783.953
3667.581
5359.619
5195.434
5125.021
5109.215
5143.849
5165.551
5244.255
5201.229
4866.374
3986.384
2223.74
244.823
-494.999
599.385
2089.598
2759.706
4738.713
4011.327
5523.99
5929.63
6218.243
6318.485
6255.295
5950.617
5418.024
5266.192
5100.992
4965.776
4812.504
3915.117
2028.251
3574.631
3263.245
-642.148
2580.931
4674.542
5051.19
5378.789
5623.997
5926.669
6162.433
6243.532
6196.214
6277.766
6144.491
5441.675
4818.295
4707.781
3599.744
1709.248
2895.446
5043.202
5309.286
5573.203
5556.183
5568.329
5505.373
5069.724
3334.15
8.427
580.376
-684.678
-2408.5
-2398.264
-1556.704
-1777.034
-1645.064
-783.398
-1051.086
-780.182
-860.121
-950.729
-878.024
-149.884
-809.246
758.04
1506.641
557.252
1380.638
2337.207
1234.19
1561.866
3421.32
1312.312
1160.014
3489.314
1926.285
2477.048
5207.037
6140.702
3252.826
1761.554
3504.231
2498.567
2485.491
621.764
1214.266
2763.07
4692.778
4184.894
3966.327
3941.553
4220.437
5140.902
5085.954
4806.396
4602.029
4614.754
4576.612
2543.637
2747.817
3913.876
3214.367
1852.076
1846.716
2362.02
3689.713
3669.644
2890.866
4093.154
3836.248
2306.488
4046.844
2429.908
2684.008
1661.735
2736.292
3701.308
2859.129
2504.745
3684.077
2962.065
4200.384
3800.168
3873.915
3832.227
3719.826
3800.282
3951.231
4712.896
2981.055
1403.23
4523.219
3414.072
1217.521
2370.278
1177.933
384.638
-375.175
-147.258
410.096
-2062.74
-3190.08
-3572.005
-3458.99
-2716.767
-2707.24
-2876.514
-2819.25
-2184.662
-1958.852
-1920.592
-2014.334
-1970.727
-1962.327
-2017.591
-2166.655
-2482.398
-3014.468
-3142.355
-3110.437
-2049.799
-1627.773
-1808.468
-553.591
1196.173
3395.017
4334.54
3213.575
4570.578
4888.258
5058.034
5301.103
5598.842
5999.991
6091.226
5962.505
6006.958
5994.487
6012.787
4411.741
4564.266
3168.102
4009.674
2551.165
3990.967
4289.879
4932.111
4938.193
5002.934
4955.308
4150.702
3878.12
3339.557
3362.318
4784.059
4450.67
3412.17
3022.19
3706.676
3849.51
4319.777
3099.815
3517.263
1819.906
2197.714
1281.211
1209.516
2051.219
2218.981
-1106.053
-2276.958
-2665.317
-2256.575
-2469.19
-1888.286
-2131.771
-2972.528
-2081.549
-1163.397
346.376
753.489
3163.962
3565.044
-109.821
-43.032
366.95
2981.491
3558.259
4226.416
4603.744
2870.329
2017.148
2421.479
3271.432
2076.729
4121.667
3211.304
3629.418
3861.082
4501.521
4874.141
4990.424
5114.712
5352.085
5560.866
5472.261
5367.695
5735.434
5409.984
4104.528
2667.727
3138.482
1114.828
-181.994
131.12
-676.505
-695.218
-794.271
-368.011
864.972
191.038
-643.205
-801.215
263.094
1551.494
351.535
1643.08
2145.734
668.852
-888.902
-842.109
-1671.554
-1380.752
1424.661
1338.181
1566.034
-634.277
-71.556
939.924
-418.897
-3052.196
-2915.817
-2873.044
-2282.287
-1776.923
-2514.335
-1672.936
-1732.352
-1971.61
-2467.083
-216.158
24.892
930.893
1331.88
4644.591
5698.074
4799.874
3851.729
4108.644
5863.408
5236.132
-1416.753
-1397.792
-417.235
-2597.441
-3137.116
-3065.111
-3220.77
-2998.569
-2874.243
-3411.141
-3445.294
-3089.895
-3129.486
-2926.099
-2785.384
-2187.25
-1761.804
-1365.986
-1191.289
-557.662
-1404.096
-1719.229
-1960.063
-1724.374
-1090.723
-2566.629
-3407.653
-2890.474
-2750.277
-2693.017
-2583.538
-2850.657
-3465.047
-3682.68
-3584.569
-3484.065
-3039.824
-3307.983
-2385.417
-1717.987
-1094.062
-953.948
-524.655
627.89
614.828
223.944
1511.655
2145.695
657.772
2679.173
3447.003
2228.324
2537.665
3581.02
4629.097
3772.297
3513.82
3536.918
2922.835
2123.324
1315.527
13.464
-1037.945
-701.401
145.721
443.114
-566.248
-785.6
376.688
25.084
-110.576
-228.416
423.62
72.804
-1018.52
-1629.437
-1154.495
-1337.55
-687.761
-578.405
-949.162
-305.478
-650.674
-1726.472
-2163.966
-1875.213
-1139.919
273.099
333.08
-275.421
1530.525
627.683
845.132
1114.25
145.991
904.455
493.859
270.248
589.073
-159.18
-656.107
-641.919
-511.949
-1467.198
-1244.894
-782.694
-1671.094
-1946.75
-654.178
294.003
-77.085
-650.154
-1510.513
-873.157
-959.443
-1613.012
-1174.921
-1256.007
-809.811
39.091
-967.927
-1529.858
-1490.654
-2512.398
-590.873
1512.443
1453.032
3115.625
2120.288
1456.137
578.62
879.397
1763.488
2881.748
4493.291
4112.001
4149.907
5131.437
4440
4933.148
5111.462
5404.88
4604.122
5318.64
4147.936
3604.568
3577.941
4729.212
4669.514
2977.439
-388.962
-349.851
-2589.541
-2078.879
-638.18
-2059.317
801.314
895.913
837.907
1034.409
-392.677
1135.228
3266.776
1291.419
1271.66
4937.539
5212.578
5623.016
5380.948
5211.262
5162.349
5083.974
5039.22
4699.143
4070.152
3893.989
4103.931
3672.916
2130.529
3345.762
2058.212
2214.869
2036.897
3568.952
2778.219
3035.607
2212.486
1447.03
2637.972
1100.773
2938.506
184.075
-1547.464
-508.451
3796.377
4947.541
4756.549
-536.412
925.031
916.608
-184.243
1822.632
2108.456
1900.291
3509.017
2140.875
1467.738
3487.014
1889.671
2768.55
2941.506
3059.127
1432.472
2162.804
917.25
-914.099
-1433.866
-2424.987
-2997.589
-3034.823
-3058.697
-2721.897
-2672.337
-2502.663
-1830.637
-1997.51
-1894.201
-3076.804
-1763.225
-2448.143
-1511.695
-1305.878
-1778.934
-2031.476
-1899.147
-1915.842
-1773.843
-1251.482
-948.905
-1114.134
-117.33
1059.816
-716.113
-679.388
1524.869
1853.055
4249.386
4674.168
4812.002
4238.071
3741.797
2551.16
1991.586
3749.545
4306.177
4112.596
5873.088
6144.614
6170.622
6208.229
6262.932
6297.902
6315.541
6252.364
6186.47
5379.952
5464.364
4457.909
2363.848
-53.367
38.648
-543.565
-2219.393
-1742.981
-2645.969
-3082.449
-2810.166
-2303.92
-2352.082
-2333.388
-1782.698
-1908.565
-2030.176
-1813.476
-1594.592
-1727.049
-1216.98
-1871.73
-2487.579
-2744.557
-2983.35
-3458.067
-3586.862
-3457.322
-3525.282
-3426.387
-3356.847
-2782.991
-2451.529
-2482.149
-2564.398
-2759
-1233.766
389.728
-386.432
991.73
3914.293
4087.747
4553.475
1126.171
-293.041
936.213
486.67
1249.171
3668.939
3798.912
4683.026
4851.061
4894.945
4857.454
4911.097
4774.438
4565.908
4588.052
4643.427
4843.492
5153.241
5515.512
5838.328
5860.238
5887.768
5902.504
5921.236
5963.367
5878.457
5506.38
4982.908
4931.771
4888.003
4932.416
4978.405
4994.403
5025.263
4992.766
4949.839
4779.613
4584.97
4558.161
4632.174
4836.129
5168.386
5506.836
5567.048
2257.287
314.231
-1382.865
-2098.483
-1162.019
144.092
127.347
-1096.827
-1181.899
29.808
2026.106
2192.377
2713.711
1882.031
-441.762
-1224.532
-2169.049
-2132.115
-1694.378
-1632.38
-2104.307
-1433.551
-2076.735
-1984.202
-1889.79
-2277.889
-2063.161
-1212.298
-784.811
-654.049
-1388.494
-1789.578
-2198.27
-2153.306
-892.613
964.044
